1
16
1 -16777216 1.0 196 64 216 252
1 -16777216 1.0 142 207 316 142
1 -65536 1.0 393 196 394 134
1 -65536 1.0 412 189 412 152
1 -65536 1.0 431 188 437 190
1 -65536 1.0 460 189 461 158
1 -65536 1.0 488 157 509 196
1 -65536 1.0 488 195 513 159
1 -65536 1.0 491 162 518 162
1 -65536 1.0 493 194 509 193
0 -65536 1.0 0 0 70 385 384 383 383 383 383 383 382 382 382 382 382 382 382 383 384 385 388 389 390 391 391 392 393 394 395 396 397 398 399 401 403 405 406 407 407 408 408 409 409 410 410 410 410 410 410 410 410 408 406 404 401 400 397 395 391 390 389 387 385 383 382 381 379 378 376 374 372 371 371 305 305 306 307 308 309 312 313 315 316 319 321 322 325 326 328 329 332 333 334 334 335 335 335 335 335 335 335 335 335 335 334 333 332 332 331 331 329 329 328 327 325 324 323 321 320 319 316 314 312 312 310 309 308 308 307 307 306 306 306 306 306 306 306 306 306 307 307 307 308
0 -65536 1.0 0 0 7 434 435 435 436 437 438 439 310 310 311 312 313 314 315
0 -65536 1.0 0 0 9 426 426 426 427 428 429 431 432 433 320 321 322 322 323 324 324 324 324
0 -65536 1.0 0 0 41 462 462 462 462 462 461 461 461 461 461 461 462 463 463 464 465 466 466 467 467 467 468 468 468 468 468 468 467 467 465 464 462 461 458 457 454 453 452 451 450 450 304 305 306 307 309 313 315 316 317 318 319 320 320 322 322 323 324 325 326 327 328 328 329 330 331 332 333 333 334 335 335 336 336 336 336 336 336 336 336 336 335
0 -65536 1.0 0 0 12 458 458 459 460 462 463 466 469 470 472 474 475 314 313 313 313 313 313 313 313 313 313 313 313
0 -65536 1.0 0 0 39 506 507 508 510 513 516 519 522 523 524 524 524 524 524 523 522 520 519 516 515 512 511 510 508 507 508 509 512 516 520 525 531 537 542 548 554 556 557 558 310 310 310 311 314 316 318 321 321 323 324 325 326 327 328 329 330 330 331 331 331 331 331 331 331 332 332 333 333 333 334 334 334 334 334 334 334 334 334
